_viz_2 = nengo_gui.components.XYValue(brd1.freqs)
_viz_config[_viz_2].index_x = 0
_viz_config[_viz_2].index_y = 1
_viz_config[_viz_2].max_value = 1
_viz_config[_viz_2].min_value = -1
_viz_config[_viz_2].height = 0.669942718281337
_viz_config[_viz_2].label_visible = True
_viz_config[_viz_2].width = 0.5312825463574173
_viz_config[_viz_2].y = 1.3720663747304163
_viz_config[_viz_2].x = 1.5157366686474534
_viz_ace_editor = nengo_gui.components.AceEditor()
_viz_net_graph = nengo_gui.components.NetGraph()
_viz_sim_control = nengo_gui.components.SimControl()
_viz_config[_viz_sim_control].kept_time = 4.0
_viz_config[_viz_sim_control].shown_time = 0.5
_viz_config[brd1].pos=(0.5, 0.7368421052631579)
_viz_config[brd1].size=(0.4, 0.21052631578947367)
_viz_config[brd1].expanded=True
_viz_config[brd1].has_layout=True
_viz_config[brd1.freqs].pos=(0.5, 0.7096774193548386)
_viz_config[brd1.freqs].size=(0.3076923076923077, 0.12903225806451613)
_viz_config[brd1.retina].pos=(0.5, 0.29032258064516125)
_viz_config[brd1.retina].size=(0.3076923076923077, 0.12903225806451613)
_viz_config[brd2].pos=(0.5, 0.2631578947368421)
_viz_config[brd2].size=(0.4, 0.21052631578947367)
_viz_config[brd2].expanded=True
_viz_config[brd2].has_layout=True
_viz_config[brd2.freqs].pos=(0.5, 0.29032258064516125)
_viz_config[brd2.freqs].size=(0.3076923076923077, 0.12903225806451613)
_viz_config[brd2.retina].pos=(0.5, 0.7096774193548386)
_viz_config[brd2.retina].size=(0.3076923076923077, 0.12903225806451613)
_viz_config[model].pos=(1.099258363103271, 0.8473323410546041)
_viz_config[model].size=(0.3147412260868941, 0.3147412260868941)
_viz_config[model].expanded=True
_viz_config[model].has_layout=True